# version 36
{"visible":[[[0,32400]]
,[[0,32400]]
,[[0,32400]]
,[[0,32400]]
,[[0,32400]]
,[[0,32400]]
,[[0,32400]]
,[[0,32400]]
,[[0,32400]]
,[[0,27136],[4,1],[0,5263]]
,[[0,20390],[4,1],[0,178],[4,3],[0,178],[4,1],[0,91],[4,1],[0,175],[4,9],[0,169],[4,13],[0,166],[4,15],[0,164],[4,17],[0,162],[4,19],[0,160],[4,21],[0,159],[4,21],[0,158],[4,23],[0,157],[4,23],[0,157],[4,23],[0,157],[4,23],[0,156],[4,25],[0,156],[4,23],[0,157],[4,23],[0,157],[4,23],[0,157],[4,23],[0,158],[4,21],[0,159],[4,21],[0,152],[3,1],[0,7],[4,19],[0,154],[3,1],[0,7],[4,17],[0,156],[3,1],[0,6],[3,1],[4,15],[0,158],[3,1],[0,2],[3,2],[0,1],[4,1],[0,1],[4,13],[0,160],[4,1],[3,4],[4,1],[0,1],[4,11],[0,161],[3,2],[4,1],[3,3],[4,1],[0,1],[4,7],[3,1],[0,163],[3,4],[4,12],[3,4],[0,159],[3,5],[4,12],[3,6],[0,156],[3,5],[4,13],[3,6],[0,155],[3,6],[4,13],[3,7],[0,154],[3,6],[4,14],[3,6],[0,153],[3,7],[4,14],[3,6],[0,153],[3,7],[4,14],[3,6],[0,153],[3,7],[4,14],[3,6],[2,1],[0,152],[3,7],[4,14],[3,6],[2,1],[0,152],[3,7],[4,14],[3,6],[0,18],[3,3],[0,131],[2,1],[3,7],[4,14],[3,6],[2,1],[0,8],[3,1],[0,5],[3,2],[0,1],[3,5],[0,130],[3,7],[4,14],[3,6],[0,9],[3,4],[0,1],[3,10],[0,129],[3,7],[4,13],[3,7],[0,9],[3,16],[0,128],[3,7],[4,13],[3,7],[0,10],[3,16],[0,127],[3,7],[4,12],[3,8],[0,8],[3,2],[4,7],[3,10],[0,126],[3,4],[4,14],[3,9],[0,8],[3,1],[4,11],[3,7],[0,127],[3,1],[4,16],[3,8],[0,8],[3,1],[4,13],[3,7],[0,126],[3,1],[4,16],[3,8],[0,8],[3,1],[4,14],[3,6],[0,126],[4,17],[3,7],[0,9],[3,1],[4,14],[3,6],[0,126],[4,16],[3,2],[4,1],[3,4],[0,7],[3,4],[4,14],[3,6],[0,124],[4,18],[3,1],[4,3],[3,2],[0,8],[3,3],[4,15],[3,6],[2,1],[0,124],[4,9],[3,1],[4,10],[3,2],[0,8],[3,3],[4,16],[3,6],[0,125],[3,1],[4,7],[3,3],[4,8],[3,2],[0,3],[3,1],[0,6],[3,1],[4,17],[3,6],[0,129],[4,2],[0,2],[3,3],[4,9],[0,4],[4,1],[0,6],[4,18],[3,6],[0,136],[4,9],[0,2],[4,4],[0,4],[4,18],[3,7],[0,137],[4,36],[3,6],[0,138],[4,36],[3,6],[0,140],[4,33],[3,7],[0,138],[4,34],[3,7],[0,140],[4,29],[3,11],[0,140],[4,28],[3,11],[0,139],[3,1],[4,28],[3,11],[0,138],[3,4],[4,2],[0,3],[4,8],[0,1],[4,12],[3,11],[0,138],[3,7],[0,4],[4,3],[3,1],[0,4],[4,11],[3,11],[0,138],[3,7],[0,4],[3,1],[4,2],[3,1],[0,5],[3,1],[4,9],[3,10],[0,141],[3,6],[0,4],[3,3],[0,5],[3,18],[0,145],[3,4],[0,6],[3,1],[0,5],[3,18],[0,148],[3,1],[0,7],[3,1],[0,4],[3,18],[0,162],[3,17],[0,164],[3,8],[0,24]]
,[[0,24616],[2,1],[0,174],[3,2],[0,1],[3,1],[0,1],[3,1],[0,172],[3,6],[0,1],[3,1],[0,4],[3,1],[0,1],[3,1],[0,164],[3,7],[0,1],[3,1],[0,6],[3,1],[0,163],[3,8],[0,1],[3,1],[0,1],[3,1],[0,1],[3,1],[0,1],[3,4],[0,160],[3,9],[0,1],[3,1],[0,3],[3,7],[0,158],[3,10],[0,1],[3,1],[0,2],[3,9],[0,156],[3,14],[0,1],[3,10],[0,155],[3,9],[4,7],[3,9],[0,154],[3,9],[4,9],[3,9],[0,153],[3,8],[4,11],[3,8],[0,153],[3,7],[4,13],[3,7],[0,153],[3,7],[4,13],[3,7],[0,153],[3,7],[4,13],[3,7],[0,152],[2,1],[3,7],[4,13],[3,7],[2,1],[0,152],[3,7],[4,13],[3,7],[0,153],[3,7],[4,13],[3,7],[0,153],[3,7],[4,13],[3,7],[0,153],[3,8],[4,11],[3,8],[0,153],[3,9],[4,9],[3,9],[0,154],[3,9],[4,7],[3,9],[0,155],[3,25],[0,156],[3,23],[0,158],[3,21],[0,160],[3,19],[0,162],[3,17],[0,164],[3,15],[0,167],[3,11],[0,174],[2,1],[0,2743]]
,[[0,32400]]
,[[0,32400]]
,[[0,32400]]
,[[0,32400]]
,[[0,32400]]
,[[0,32400]]
,[[0,32400]]
,[[0,32400]]
,[[0,32400]]
],"explored":[[[false,32400]]
,[[false,32400]]
,[[false,32400]]
,[[false,32400]]
,[[false,32400]]
,[[false,32400]]
,[[false,32400]]
,[[false,32400]]
,[[false,32400]]
,[[false,32400]]
,[[false,32400]]
,[[false,32400]]
,[[false,32400]]
,[[false,32400]]
,[[false,32400]]
,[[false,32400]]
,[[false,32400]]
,[[false,32400]]
,[[false,32400]]
,[[false,32400]]
,[[false,32400]]
],"notes":[[],[],[],[],[],[],[],[],[],[],[],[],[],[],[],[],[],[],[],[],[]],"extras":[[],[],[],[],[],[],[],[],[],[],[[135,149,"mx_grass2"]
,[136,149,"mx_grass2"]
,[137,150,"mx_casings"]
,[129,161,"mx_point_dead_vegetation"]
,[131,144,"mx_blackberry_patch"]
,[133,144,"mx_blackberry_patch"]
,[139,154,"mx_grove"]
,[133,161,"mx_grove"]
,[136,161,"mx_bandits_block"]
,[141,161,"mx_grass2"]
,[141,162,"mx_trees2"]
,[142,166,"mx_point_burned_ground"]
,[139,170,"mx_grove"]
,[140,170,"mx_clearcut"]
,[146,169,"mx_grass2"]
,[148,170,"mx_point_dead_vegetation"]
,[155,169,"mx_casings"]
,[156,167,"mx_grass2"]
,[157,167,"mx_grass2"]
,[158,167,"mx_grass2"]
,[159,166,"mx_drugdeal"]
,[159,170,"mx_grass"]
,[159,164,"mx_grass"]
,[161,167,"mx_point_dead_vegetation"]
,[158,163,"mx_grass2"]
,[162,167,"mx_casings"]
,[158,162,"mx_trees"]
,[160,162,"mx_grass"]
,[163,166,"mx_grass"]
,[161,161,"mx_grass2"]
,[164,165,"mx_point_burned_ground"]
,[165,162,"mx_grass2"]
,[166,166,"mx_grass2"]
,[167,161,"mx_trees2"]
,[167,162,"mx_trees2"]
,[167,165,"mx_grass"]
,[168,165,"mx_grass2"]
,[163,159,"mx_grass"]
,[166,159,"mx_grass"]
,[167,159,"mx_trees2"]
,[160,158,"mx_trees2"]
,[160,157,"mx_grass"]
],[],[],[],[],[],[],[],[],[],[]]}